0
193.358
1210.5
896.963
1945.63
1929.31
1310.07
900.516
198.543
36.6503
575.302
2452.48
793.524
322.619
137.18
1727.76
1148.32
604.59
1411.82
2562.54
509.976
603.6
730.519
2539.12
1046.62
2239.32
791.667
604.59
447.326
792.812
2512.6
865.205
36.0409
585.249
2543.96
235.434
1285.07
2480.67
1528.06
1500.68
607.964
182.583
893.001
1575.31
506.531
40.3915
2652.97
37.1802
1569.54
352.045
0
782.194
575.302
575.302
506.531
2452.48
2452.48
2239.32
585.249
2566.26
193.358
0
1025.42
784.142
1754.34
1743.93
1122.94
787.204
176.579
227.95
465.687
2265.25
686.065
247.357
170.413
1536.1
1089.95
434.928
1233.99
2371.99
327.264
413.48
575.328
2350.28
981.499
2055.63
733.032
434.928
290.74
610.083
2322.58
682.514
213.892
511.997
2352.72
197.075
1094.27
2287.31
1363.34
1335.78
417.59
171.145
699.976
1421.56
323.96
231.249
2459.78
221.282
1422.74
274.685
193.358
652.531
465.687
465.687
323.96
2265.25
2265.25
2055.63
511.997
2375.79
1210.5
1025.42
0
675.084
955.004
718.838
108.295
672.209
1061.08
1246.99
779.606
1504.96
714.911
961.563
1115.29
556.191
1030.64
618.678
243.344
1363.84
700.542
615.194
548.523
1332.63
952.837
1030.33
923.077
618.678
779.335
418.181
1311.02
346.241
1236.65
877.677
1504.87
1035.39
164.452
1345.51
458.375
435.407
611.791
1073.69
388.447
590.85
703.981
1250.62
1495.88
1229.33
645.369
945.297
1210.5
620.832
779.606
779.606
703.981
1504.96
1504.96
1030.33
877.677
1367.08
896.963
784.142
675.084
0
1628.77
1272.71
775.814
4.22698
699.157
929.427
322.686
2179.38
104.66
574.391
762.242
1209.74
411.823
433.678
738.994
1946.8
552.281
585.678
293.874
1892.9
308.555
1542.02
261.163
433.678
506.609
480.302
1888.63
486.859
932.44
333.827
2176.57
662.495
832.231
1993.27
742.086
718.517
588.6
715.212
697.323
735.492
553.188
933.146
2126.78
895.108
707.811
545.181
896.963
150.785
322.686
322.686
553.188
2179.38
2179.38
1542.02
333.827
1948.81
1945.63
1754.34
955.004
1628.77
0
766.953
860.655
1626.05
1858.61
1977.76
1678.85
550.971
1659.79
1793.8
1896.37
516.104
1978.28
1464.95
981.21
891.034
1489.24
1377.48
1455.88
942.925
1905.96
928.211
1869.86
1464.95
1602.95
1265.67
876.031
1212.56
1959.66
1789.91
598.377
1844.59
796.774
614.077
1160.82
1159.04
1372.07
1866.57
1081.38
1307.47
1492.54
1980.62
806.588
1975.51
1389.79
1787.43
1945.63
1558.77
1678.85
1678.85
1492.54
550.971
550.971
928.211
1789.91
897.117
1929.31
1743.93
718.838
1272.71
766.953
0
622.165
1268.79
1776.31
1965.81
1466.68
1184.83
1346.78
1671.68
1831.99
331.033
1502.34
1333.45
542.71
674.089
1419.37
1332.19
1242.88
625.075
1466.62
315.844
1533.43
1333.45
1494.69
1136.67
616.127
1064.43
1955.47
1549.05
1067.98
1749.1
671.709
785.352
570.135
584.772
1328.53
1789.41
1075.15
672.985
1422.81
1969.45
879.426
1947.82
753.179
1653.08
1929.31
1275.99
1466.68
1466.68
1422.81
1184.83
1184.83
315.844
1549.05
676.13
1310.07
1122.94
108.295
775.814
860.655
622.165
0
772.771
1164.85
1346.41
887.877
1408.53
819.937
1067.33
1218.07
447.954
1118.38
723.447
213.603
1258.7
800.433
710.366
656.756
1229.94
1045.45
936.353
1027.03
723.447
883.449
520.243
1206.53
449.259
1335.33
985.823
1401.26
1139.89
111.32
1237.41
447.326
428.761
706.621
1177.17
460.828
593.017
803.905
1350
1387.63
1329.94
657.701
1051.62
1310.07
727.543
887.877
887.877
803.905
1408.53
1408.53
936.353
985.823
1262.04
900.516
787.204
672.209
4.22698
1626.05
1268.79
772.771
0
702.759
933.023
326.092
2176.62
108.517
577.963
765.866
1206.38
412.204
435.19
735.256
1942.88
554.147
586.794
294.614
1888.91
309.463
1537.94
264.983
435.19
509.245
479.956
1884.69
485.888
935.976
337.891
2173.44
666.111
829.562
1989.75
737.916
714.363
589.683
718.815
696.601
731.269
555.077
936.743
2123.1
898.753
703.634
548.78
900.516
152.274
326.092
326.092
555.077
2176.62
2176.62
1537.94
337.891
1944.88
198.543
176.579
1061.08
699.157
1858.61
1776.31
1164.85
702.759
0
230.283
378.654
2382.72
595.411
125.079
63.4836
1596.81
957.183
442.934
1247.64
2423.34
375.093
483.487
550.89
2393.69
853.22
2081.77
598.926
442.934
281.811
644.955
2371.38
715.59
234.418
387.912
2455.37
36.8922
1152.75
2366.58
1348.73
1321.61
488.69
16.056
781.838
1388.14
371.629
233.994
2532.6
196.585
1378.87
153.981
198.543
588.6
378.654
378.654
371.629
2382.72
2382.72
2081.77
387.912
2426.75
36.6503
227.95
1246.99
929.427
1977.76
1965.81
1346.41
933.023
230.283
0
608.421
2482.59
825.686
355.128
167.522
1763.37
1173.67
641.196
1448.47
2598.46
546.448
639.452
766.544
2575.33
1073.13
2275.9
818.159
641.196
483.733
829.362
2548.62
901.766
23.9924
614.657
2576.01
267.025
1320.89
2514.97
1564.3
1536.93
643.772
214.23
927.92
1610.85
543.008
3.83188
2687.71
40.1296
1604.56
384.246
36.6503
816.418
608.421
608.421
543.008
2482.59
2482.59
2275.9
614.657
2602.19
575.302
465.687
779.606
322.686
1678.85
1466.68
887.877
326.092
378.654
608.421
0
2224.59
221.332
253.582
442.085
1335.36
642.618
238.167
925.173
2132.24
304.525
387.846
231.282
2091.37
530.866
1759.98
305.582
238.167
212.222
414.771
2077.04
466.76
610.549
117.005
2259.72
342.436
905.913
2123.48
993.408
967.069
392.826
394.677
623.239
1018.87
303.671
612.177
2275.47
575.219
1004.59
225.227
575.302
213.965
0
0
303.671
2224.59
2224.59
1759.98
117.005
2135.04
2452.48
2265.25
1504.96
2179.38
550.971
1184.83
1408.53
2176.62
2382.72
2482.59
2224.59
0
2210.66
2326.5
2415.88
1023.85
2523.09
2005.55
1512.93
959.695
2020.34
1907.79
2004.07
1054.87
2453.73
1220.8
2420.76
2005.55
2137.39
1810.14
980.695
1759.64
2462.92
2336.95
252.225
2371.56
1347.65
574.294
1669.92
1672.3
1902.26
2389.45
1616.67
1807.89
2023.52
2485.17
704.639
2484.45
1891.34
2322.19
2452.48
2109.32
2224.59
2224.59
2023.52
0
0
1220.8
2336.95
965.581
793.524
686.065
714.911
104.66
1659.79
1346.78
819.937
108.517
595.411
825.686
221.332
2210.66
0
470.913
658.345
1262.42
457.874
366.679
807.062
2020.18
475.997
524.926
250.278
1969.94
346.766
1623.92
210.145
366.679
416.046
455.769
1962.76
477.809
829.115
230.855
2219.68
558.669
864.526
2050.35
830.808
806.251
528.552
611.461
678.405
833.374
476.423
829.389
2189.69
791.063
809.002
441.518
793.524
107.532
221.332
221.332
476.423
2210.66
2210.66
1623.92
230.855
2022.42
322.619
247.357
961.563
574.391
1793.8
1671.68
1067.33
577.963
125.079
355.128
253.582
2326.5
470.913
0
188.505
1505.97
847.014
344.918
1137.94
2325.4
306.265
418.866
435.449
2292.24
740.412
1973.98
488.702
344.918
191.586
551.946
2272.37
619.856
358.208
270.798
2387.39
88.9667
1063.65
2283.47
1230.22
1203.28
424.423
141.112
712.426
1265.8
303.132
358.863
2445.4
321.638
1255.11
29.9522
322.619
464.257
253.582
253.582
303.132
2326.5
2326.5
1973.98
270.798
2328.62
137.18
170.413
1115.29
762.242
1896.37
1831.99
1218.07
765.866
63.4836
167.522
442.085
2415.88
658.345
188.505
0
1646.66
1012.92
498.89
1305.74
2475.81
422.225
527.064
611.884
2447.73
910.347
2138.67
655.52
498.89
337.753
697.834
2424.35
769.184
173.221
448.076
2494.03
99.7813
1202.47
2412.34
1410.2
1383.01
532.051
47.5566
824.529
1450.96
418.724
171.184
2580.15
133.134
1442.12
217.196
137.18
652.029
442.085
442.085
418.724
2415.88
2415.88
2138.67
448.076
2479.3
1727.76
1536.1
556.191
1209.74
516.104
331.033
447.954
1206.38
1596.81
1763.37
1335.36
1023.85
1262.42
1505.97
1646.66
0
1515.87
1161.07
495.256
838.534
1224.62
1124.46
1104.11
828.441
1456.94
613.476
1466.46
1161.07
1318.13
954.195
792.196
886.393
1749.99
1433.75
976.442
1574.28
444.199
789.709
649.11
649.743
1119.98
1608.16
839.569
792.922
1228.13
1766.79
941.13
1750.86
875.731
1492.07
1727.76
1173.42
1335.36
1335.36
1228.13
1023.85
1023.85
613.476
1433.75
842.655
1148.32
1089.95
1030.64
411.823
1978.28
1502.34
1118.38
412.204
957.183
1173.67
642.618
2523.09
457.874
847.014
1012.92
1515.87
0
824.467
1021.15
2160.94
929.913
982.752
700.164
2090.82
112.37
1723.89
358.611
824.467
854.202
892.125
2100.51
896.133
1183.99
577.964
2492.18
921.877
1194.62
2269.85
932.633
917.62
986.329
971.961
1108.11
856.49
930.017
1176.9
2380.88
1134.46
793.014
817.887
1148.32
552.362
642.618
642.618
930.017
2523.09
2523.09
1723.89
577.964
2161.86
604.59
434.928
618.678
433.678
1464.95
1333.45
723.447
435.19
442.934
641.196
238.167
2005.55
366.679
344.918
498.89
1161.07
824.467
0
808.096
1982.09
126.906
159.697
155.692
1951.06
712.991
1639.8
524.661
0
161.256
207.411
1929.59
275.02
634.234
354.82
2053.75
416.71
719.168
1940.03
928.463
900.907
163.813
455.966
392.096
989.251
128.857
644.965
2100.79
619.021
994.923
331.61
604.59
282.917
238.167
238.167
128.857
2005.55
2005.55
1639.8
354.82
1985.4
1411.82
1233.99
243.344
738.994
981.21
542.71
213.603
735.256
1247.64
1448.47
925.173
1512.93
807.062
1137.94
1305.74
495.256
1021.15
808.096
0
1213.96
906.764
833.977
704.668
1167.76
965.673
836.587
1000.01
808.096
968.366
625.455
1157.14
553.765
1440.4
1006.34
1471.11
1218.48
323.96
1259.87
234.403
217.464
831.276
1261.48
630.483
383.202
910.05
1452.21
1388.24
1427.08
452.769
1117.74
1411.82
733.445
925.173
925.173
910.05
1512.93
1512.93
836.587
1006.34
1216.36
2562.54
2371.99
1363.84
1946.8
891.034
674.089
1258.7
1942.88
2423.34
2598.46
2132.24
959.695
2020.18
2325.4
2475.81
838.534
2160.94
1982.09
1213.96
0
2055.63
1959.01
1904.78
107.845
2132.9
451.607
2207.47
1982.09
2142.12
1778.42
60.8329
1707.87
2585.79
2218.84
731.704
2398.59
1277.72
385.402
1231.5
1249.36
1954.72
2435.5
1677.84
1309.56
2059.13
2601.94
313.897
2584.39
1381.94
2308.86
2562.54
1946.96
2132.24
2132.24
2059.13
959.695
959.695
451.607
2218.84
6.27628
509.976
327.264
700.542
552.281
1489.24
1419.37
800.433
554.147
375.093
546.448
304.525
2020.34
475.997
306.265
422.225
1224.62
929.913
126.906
906.764
2055.63
0
112.601
282.532
2030.1
817.626
1729.87
608.804
126.906
122.644
283.329
2004.86
355.81
536.325
411.067
2084.27
356.997
780.484
1991.53
1041.97
1014.36
118.162
385.294
408.678
1109.52
3.50417
550.082
2158.22
529.541
1118.05
303.981
509.976
402.676
304.525
304.525
3.50417
2020.34
2020.34
1729.87
411.067
2059.22
603.6
413.48
615.194
585.678
1377.48
1332.19
710.366
586.794
483.487
639.452
387.846
1907.79
524.926
418.866
527.064
1124.46
982.752
159.697
833.977
1959.01
112.601
0
294.441
1936.8
871.64
1645.15
682.858
159.697
232.935
212.165
1909.3
281.284
626.966
501.376
1973.08
467.45
681.467
1885.32
987.561
960.095
5.62028
492.736
298.353
1068.28
115.745
642.934
2053.97
626.416
1084.92
416.206
603.6
435.592
387.846
387.846
115.745
1907.79
1907.79
1645.15
501.376
1962.76
730.519
575.328
548.523
293.874
1455.88
1242.88
656.756
294.614
550.89
766.544
231.282
2004.07
250.278
435.449
611.884
1104.11
700.164
155.692
704.668
1904.78
282.532
294.441
0
1866.41
591.664
1541.25
443.305
155.692
285.966
209.419
1850.18
245.56
762.617
335.284
2032.29
519.241
675.921
1892.24
798.503
771.259
296.919
565.675
431.944
847.104
284.396
770.371
2044.39
739.947
847.551
413.872
730.519
147.904
231.282
231.282
284.396
2004.07
2004.07
1541.25
335.284
1907.69
2539.12
2350.28
1332.63
1892.9
942.925
625.075
1229.94
1888.91
2393.69
2575.33
2091.37
1054.87
1969.94
2292.24
2447.73
828.441
2090.82
1951.06
1167.76
107.845
2030.1
1936.8
1866.41
0
2067.33
368.903
2152.52
1951.06
2111.92
1749.99
74.6639
1678.55
2563.57
2174.07
832.625
2367.7
1258.22
482.211
1166.91
1186.26
1932.73
2406.31
1662.23
1235.81
2033.58
2578.88
421.741
2559.63
1305.56
2274.55
2539.12
1900.86
2091.37
2091.37
2033.58
1054.87
1054.87
368.903
2174.07
103.912
1046.62
981.499
952.837
308.555
1905.96
1466.62
1045.45
309.463
853.22
1073.13
530.866
2453.73
346.766
740.412
910.347
1456.94
112.37
712.991
965.673
2132.9
817.626
871.64
591.664
2067.33
0
1703.38
254.988
712.991
742.176
787.422
2072.93
795.348
1082.48
470.121
2432.78
817.442
1115.4
2222.92
901.435
883.768
875.297
868.279
1005.74
842.608
817.713
1076.45
2341.31
1034.36
787.171
710.998
1046.62
443.777
530.866
530.866
817.713
2453.73
2453.73
1703.38
470.121
2134.15
2239.32
2055.63
1030.33
1542.02
928.211
315.844
936.353
1537.94
2081.77
2275.9
1759.98
1220.8
1623.92
1973.98
2138.67
613.476
1723.89
1639.8
836.587
451.607
1729.87
1645.15
1541.25
368.903
1703.38
0
1799.36
1639.8
1800.93
1446.62
391.245
1374.18
2266.19
1835.61
1045.87
2053.47
987.459
707.239
806.447
827.391
1641.62
2095.26
1390.94
867.924
1733.28
2279.57
731.199
2256.8
936.827
1954.15
2239.32
1561.68
1759.98
1759.98
1733.28
1220.8
1220.8
0
1835.61
451.126
791.667
733.032
923.077
261.163
1869.86
1533.43
1027.03
264.983
598.926
818.159
305.582
2420.76
210.145
488.702
655.52
1466.46
358.611
524.661
1000.01
2207.47
608.804
682.858
443.305
2152.52
254.988
1799.36
0
524.661
515.576
652.714
2149.15
682.205
827.514
221.999
2427.88
563.43
1074.27
2252.22
995.602
973.126
687.372
613.843
875.144
973.602
608.165
821.489
2387.41
779.443
934.933
459.772
791.667
314.216
305.582
305.582
608.165
2420.76
2420.76
1799.36
221.999
2209.43
604.59
434.928
618.678
433.678
1464.95
1333.45
723.447
435.19
442.934
641.196
238.167
2005.55
366.679
344.918
498.89
1161.07
824.467
0
808.096
1982.09
126.906
159.697
155.692
1951.06
712.991
1639.8
524.661
0
161.256
207.411
1929.59
275.02
634.234
354.82
2053.75
416.71
719.168
1940.03
928.463
900.907
163.813
455.966
392.096
989.251
128.857
644.965
2100.79
619.021
994.923
331.61
604.59
282.917
238.167
238.167
128.857
2005.55
2005.55
1639.8
354.82
1985.4
447.326
290.74
779.335
506.609
1602.95
1494.69
883.449
509.245
281.811
483.733
212.222
2137.39
416.046
191.586
337.753
1318.13
854.202
161.256
968.366
2142.12
122.644
232.935
285.966
2111.92
742.176
1800.93
515.576
161.256
0
364.349
2089.92
434.259
478.371
304.384
2196.01
256.586
874.778
2093.1
1081.06
1053.63
238.555
294.727
521.731
1133.07
120.091
487.539
2256.29
459.746
1132.48
184.814
447.326
366.749
212.222
212.222
120.091
2137.39
2137.39
1800.93
304.384
2145.48
792.812
610.083
418.181
480.302
1265.67
1136.67
520.243
479.956
644.955
829.362
414.771
1810.14
455.769
551.946
697.834
954.195
892.125
207.411
625.455
1778.42
283.329
212.165
209.419
1749.99
787.422
1446.62
652.714
207.411
364.349
0
1726.64
72.4823
819.589
528.85
1850.8
620.896
511.793
1732.68
775.574
748.138
210.339
657.084
222.903
859.687
286.719
833.022
1893.5
811.196
880.361
539.021
792.812
349.194
414.771
414.771
286.719
1810.14
1810.14
1446.62
528.85
1781.85
2512.6
2322.58
1311.02
1888.63
876.031
616.127
1206.53
1884.69
2371.38
2548.62
2077.04
980.695
1962.76
2272.37
2424.35
792.196
2100.51
1929.59
1157.14
60.8329
2004.86
1909.3
1850.18
74.6639
2072.93
391.245
2149.15
1929.59
2089.92
1726.64
0
1655.79
2536.25
2162.7
760.288
2346.24
1228.57
408.842
1171.5
1189.55
1905.08
2383.68
1630.3
1248.83
2008.36
2552.13
361.636
2534.01
1321.13
2255.49
2512.6
1890.44
2077.04
2077.04
2008.36
980.695
980.695
391.245
2162.7
61.3566
865.205
682.514
346.241
486.859
1212.56
1064.43
449.259
485.888
715.59
901.766
466.76
1759.64
477.809
619.856
769.184
886.393
896.133
275.02
553.765
1707.87
355.81
281.284
245.56
1678.55
795.348
1374.18
682.205
275.02
434.259
72.4823
1655.79
0
892.056
577.443
1793.39
690.793
446.095
1667.79
709.362
682.074
278.973
727.958
213.474
799.115
359.2
905.43
1826.72
883.394
823.898
605.683
865.205
370.346
466.76
466.76
359.2
1759.64
1759.64
1374.18
577.443
1711.25
36.0409
213.892
1236.65
932.44
1959.66
1955.47
1335.33
935.976
234.418
23.9924
610.549
2462.92
829.115
358.208
173.221
1749.99
1183.99
634.234
1440.4
2585.79
536.325
626.966
762.617
2563.57
1082.48
2266.19
827.514
634.234
478.371
819.589
2536.25
892.056
0
621.287
2557.8
271.31
1308.08
2499.26
1559.43
1532
631.168
218.487
913.348
1608.22
532.914
24.7867
2672.64
57.8518
1603.2
387.717
36.0409
816.711
610.549
610.549
532.914
2462.92
2462.92
2266.19
621.287
2589.57
585.249
511.997
877.677
333.827
1789.91
1549.05
985.823
337.891
387.912
614.657
117.005
2336.95
230.855
270.798
448.076
1433.75
577.964
354.82
1006.34
2218.84
411.067
501.376
335.284
2174.07
470.121
1835.61
221.999
354.82
304.384
528.85
2162.7
577.443
621.287
0
2367.57
351.333
1010.64
2223.18
1053.06
1027.68
506.511
403.525
739.774
1062.87
409.752
618.199
2371.55
577.67
1039.8
241.162
585.249
273.934
117.005
117.005
409.752
2336.95
2336.95
1835.61
0
2221.42
2543.96
2352.72
1504.87
2176.57
598.377
1067.98
1401.26
2173.44
2455.37
2576.01
2259.72
252.225
2219.68
2387.39
2494.03
976.442
2492.18
2053.75
1471.11
731.704
2084.27
1973.08
2032.29
832.625
2432.78
1045.87
2427.88
2053.75
2196.01
1850.8
760.288
1793.39
2557.8
2367.57
0
2440.52
1358.75
352.99
1598.03
1604.56
1967.73
2463.6
1675.66
1724.79
2087.6
2578.86
457.281
2573.88
1807.64
2379.84
2543.96
2123.49
2259.72
2259.72
2087.6
252.225
252.225
1045.87
2367.57
737.261
235.434
197.075
1035.39
662.495
1844.59
1749.1
1139.89
666.111
36.8922
267.025
342.436
2371.56
558.669
88.9667
99.7813
1574.28
921.877
416.71
1218.48
2398.59
356.997
467.45
519.241
2367.7
817.442
2053.47
563.43
416.71
256.586
620.896
2346.24
690.793
271.31
351.333
2440.52
0
1130.57
2346.81
1316.19
1289.13
472.789
52.8727
765.413
1353.86
353.594
270.723
2511.51
232.859
1343.8
117.417
235.434
553.128
342.436
342.436
353.594
2371.56
2371.56
2053.47
351.333
2401.93
1285.07
1094.27
164.452
832.231
796.774
671.709
111.32
829.562
1152.75
1320.89
905.913
1347.65
864.526
1063.65
1202.47
444.199
1194.62
719.168
323.96
1277.72
780.484
681.467
675.921
1258.22
1115.4
987.459
1074.27
719.168
874.778
511.793
1228.57
446.095
1308.08
1010.64
1358.75
1130.57
0
1221.7
558.159
539.934
677.116
1164.02
405.699
704.331
783.988
1324.36
1381.76
1307.53
768.76
1050.74
1285.07
765.724
905.913
905.913
783.988
1347.65
1347.65
987.459
1010.64
1281.52
2480.67
2287.31
1345.51
1993.27
614.077
785.352
1237.41
1989.75
2366.58
2514.97
2123.48
574.294
2050.35
2283.47
2412.34
789.709
2269.85
1940.03
1259.87
385.402
1991.53
1885.32
1892.24
482.211
2222.92
707.239
2252.22
1940.03
2093.1
1732.68
408.842
1667.79
2499.26
2223.18
352.99
2346.81
1221.7
0
1346.73
1357.8
1880.38
2376.79
1589.14
1457.97
1995.01
2518.17
192.546
2507.02
1538.5
2271.58
2480.67
1962.84
2123.48
2123.48
1995.01
574.294
574.294
707.239
2223.18
391.29
1528.06
1363.34
458.375
742.086
1160.82
570.135
447.326
737.916
1348.73
1564.3
993.408
1669.92
830.808
1230.22
1410.2
649.11
932.633
928.463
234.403
1231.5
1041.97
987.561
798.503
1166.91
901.435
806.447
995.602
928.463
1081.06
775.574
1171.5
709.362
1559.43
1053.06
1598.03
1316.19
558.159
1346.73
0
27.6036
985.877
1363.72
828.909
153.409
1044.95
1568.12
1449.45
1538.36
231.384
1206.26
1528.06
783.334
993.408
993.408
1044.95
1669.92
1669.92
806.447
1053.06
1232.72
1500.68
1335.78
435.407
718.517
1159.04
584.772
428.761
714.363
1321.61
1536.93
967.069
1672.3
806.251
1203.28
1383.01
649.743
917.62
900.907
217.464
1249.36
1014.36
960.095
771.259
1186.26
883.768
827.391
973.126
900.907
1053.63
748.138
1189.55
682.074
1532
1027.68
1604.56
1289.13
539.934
1357.8
27.6036
0
958.426
1336.58
803.349
165.936
1017.34
1540.75
1463.42
1511.07
239.302
1179.41
1500.68
757.425
967.069
967.069
1017.34
1672.3
1672.3
827.391
1027.68
1250.69
607.964
417.59
611.791
588.6
1372.07
1328.53
706.621
589.683
488.69
643.772
392.826
1902.26
528.552
424.423
532.051
1119.98
986.329
163.813
831.276
1954.72
118.162
5.62028
296.919
1932.73
875.297
1641.62
687.372
163.813
238.555
210.339
1905.08
278.973
631.168
506.511
1967.73
472.789
677.116
1880.38
985.877
958.426
0
497.88
293.152
1067.3
121.294
647.245
2049.17
630.944
1084.36
421.809
607.964
438.658
392.826
392.826
121.294
1902.26
1902.26
1641.62
506.511
1958.48
182.583
171.145
1073.69
715.212
1866.57
1789.41
1177.17
718.815
16.056
214.23
394.677
2389.45
611.461
141.112
47.5566
1608.16
971.961
455.966
1261.48
2435.5
385.294
492.736
565.675
2406.31
868.279
2095.26
613.843
455.966
294.727
657.084
2383.68
727.958
218.487
403.525
2463.6
52.8727
1164.02
2376.79
1363.72
1336.58
497.88
0
790.996
1403.67
381.815
217.94
2543.33
180.59
1394.62
170.037
182.583
604.473
394.677
394.677
381.815
2389.45
2389.45
2095.26
403.525
2438.93
893.001
699.976
388.447
697.323
1081.38
1075.15
460.828
696.601
781.838
927.92
623.239
1616.67
678.405
712.426
824.529
839.569
1108.11
392.096
630.483
1677.84
408.678
298.353
431.944
1662.23
1005.74
1390.94
875.144
392.096
521.731
222.903
1630.3
213.474
913.348
739.774
1675.66
765.413
405.699
1589.14
828.909
803.349
293.152
790.996
0
942.393
412.034
931.225
1760.05
918.373
980.561
706.421
893.001
571.475
623.239
623.239
412.034
1616.67
1616.67
1390.94
739.774
1681.86
1575.31
1421.56
590.85
735.492
1307.47
672.985
593.017
731.269
1388.14
1610.85
1018.87
1807.89
833.374
1265.8
1450.96
792.922
856.49
989.251
383.202
1309.56
1109.52
1068.28
847.104
1235.81
842.608
867.924
973.602
989.251
1133.07
859.687
1248.83
799.115
1608.22
1062.87
1724.79
1353.86
704.331
1457.97
153.409
165.936
1067.3
1403.67
942.393
0
1112.24
1614.69
1547.51
1582.11
83.4561
1239.81
1575.31
804.949
1018.87
1018.87
1112.24
1807.89
1807.89
867.924
1062.87
1310.13
506.531
323.96
703.981
553.188
1492.54
1422.81
803.905
555.077
371.629
543.008
303.671
2023.52
476.423
303.132
418.724
1228.13
930.017
128.857
910.05
2059.13
3.50417
115.745
284.396
2033.58
817.713
1733.28
608.165
128.857
120.091
286.719
2008.36
359.2
532.914
409.752
2087.6
353.594
783.988
1995.01
1044.95
1017.34
121.294
381.815
412.034
1112.24
0
546.643
2161.71
526.063
1120.59
301.018
506.531
403.721
303.671
303.671
0
2023.52
2023.52
1733.28
409.752
2062.72
40.3915
231.249
1250.62
933.146
1980.62
1969.45
1350
936.743
233.994
3.83188
612.177
2485.17
829.389
358.863
171.184
1766.79
1176.9
644.965
1452.21
2601.94
550.082
642.934
770.371
2578.88
1076.45
2279.57
821.489
644.965
487.539
833.022
2552.13
905.43
24.7867
618.199
2578.86
270.723
1324.36
2518.17
1568.12
1540.75
647.245
217.94
931.225
1614.69
546.643
0
2690.98
42.9426
1608.38
387.964
40.3915
820.218
612.177
612.177
546.643
2485.17
2485.17
2279.57
618.199
2605.68
2652.97
2459.78
1495.88
2126.78
806.588
879.426
1387.63
2123.1
2532.6
2687.71
2275.47
704.639
2189.69
2445.4
2580.15
941.13
2380.88
2100.79
1388.24
313.897
2158.22
2053.97
2044.39
421.741
2341.31
731.199
2387.41
2100.79
2256.29
1893.5
361.636
1826.72
2672.64
2371.55
457.281
2511.51
1381.76
192.546
1449.45
1463.42
2049.17
2543.33
1760.05
1547.51
2161.71
2690.98
0
2678.36
1625.02
2432.23
2652.97
2106.5
2275.47
2275.47
2161.71
704.639
704.639
731.199
2371.55
317.949
37.1802
221.282
1229.33
895.108
1975.51
1947.82
1329.94
898.753
196.585
40.1296
575.219
2484.45
791.063
321.638
133.134
1750.86
1134.46
619.021
1427.08
2584.39
529.541
626.416
739.947
2559.63
1034.36
2256.8
779.443
619.021
459.746
811.196
2534.01
883.394
57.8518
577.67
2573.88
232.859
1307.53
2507.02
1538.36
1511.07
630.944
180.59
918.373
1582.11
526.063
42.9426
2678.36
0
1574.35
350.267
37.1802
784.825
575.219
575.219
526.063
2484.45
2484.45
2256.8
577.67
2588.05
1569.54
1422.74
645.369
707.811
1389.79
753.179
657.701
703.634
1378.87
1604.56
1004.59
1891.34
809.002
1255.11
1442.12
875.731
793.014
994.923
452.769
1381.94
1118.05
1084.92
847.551
1305.56
787.171
936.827
934.933
994.923
1132.48
880.361
1321.13
823.898
1603.2
1039.8
1807.64
1343.8
768.76
1538.5
231.384
239.302
1084.36
1394.62
980.561
83.4561
1120.59
1608.38
1625.02
1574.35
0
1228.18
1569.54
791.189
1004.59
1004.59
1120.59
1891.34
1891.34
936.827
1039.8
1382.31
352.045
274.685
945.297
545.181
1787.43
1653.08
1051.62
548.78
153.981
384.246
225.227
2322.19
441.518
29.9522
217.196
1492.07
817.887
331.61
1117.74
2308.86
303.981
416.206
413.872
2274.55
710.998
1954.15
459.772
331.61
184.814
539.021
2255.49
605.683
387.717
241.162
2379.84
117.417
1050.74
2271.58
1206.26
1179.41
421.809
170.037
706.421
1239.81
301.018
387.964
2432.23
350.267
1228.18
0
352.045
437.047
225.227
225.227
301.018
2322.19
2322.19
1954.15
241.162
2312.03
0
193.358
1210.5
896.963
1945.63
1929.31
1310.07
900.516
198.543
36.6503
575.302
2452.48
793.524
322.619
137.18
1727.76
1148.32
604.59
1411.82
2562.54
509.976
603.6
730.519
2539.12
1046.62
2239.32
791.667
604.59
447.326
792.812
2512.6
865.205
36.0409
585.249
2543.96
235.434
1285.07
2480.67
1528.06
1500.68
607.964
182.583
893.001
1575.31
506.531
40.3915
2652.97
37.1802
1569.54
352.045
0
782.194
575.302
575.302
506.531
2452.48
2452.48
2239.32
585.249
2566.26
782.194
652.531
620.832
150.785
1558.77
1275.99
727.543
152.274
588.6
816.418
213.965
2109.32
107.532
464.257
652.029
1173.42
552.362
282.917
733.445
1946.96
402.676
435.592
147.904
1900.86
443.777
1561.68
314.216
282.917
366.749
349.194
1890.44
370.346
816.711
273.934
2123.49
553.128
765.724
1962.84
783.334
757.425
438.658
604.473
571.475
804.949
403.721
820.218
2106.5
784.825
791.189
437.047
782.194
0
213.965
213.965
403.721
2109.32
2109.32
1561.68
273.934
1949.44
575.302
465.687
779.606
322.686
1678.85
1466.68
887.877
326.092
378.654
608.421
0
2224.59
221.332
253.582
442.085
1335.36
642.618
238.167
925.173
2132.24
304.525
387.846
231.282
2091.37
530.866
1759.98
305.582
238.167
212.222
414.771
2077.04
466.76
610.549
117.005
2259.72
342.436
905.913
2123.48
993.408
967.069
392.826
394.677
623.239
1018.87
303.671
612.177
2275.47
575.219
1004.59
225.227
575.302
213.965
0
0
303.671
2224.59
2224.59
1759.98
117.005
2135.04
575.302
465.687
779.606
322.686
1678.85
1466.68
887.877
326.092
378.654
608.421
0
2224.59
221.332
253.582
442.085
1335.36
642.618
238.167
925.173
2132.24
304.525
387.846
231.282
2091.37
530.866
1759.98
305.582
238.167
212.222
414.771
2077.04
466.76
610.549
117.005
2259.72
342.436
905.913
2123.48
993.408
967.069
392.826
394.677
623.239
1018.87
303.671
612.177
2275.47
575.219
1004.59
225.227
575.302
213.965
0
0
303.671
2224.59
2224.59
1759.98
117.005
2135.04
506.531
323.96
703.981
553.188
1492.54
1422.81
803.905
555.077
371.629
543.008
303.671
2023.52
476.423
303.132
418.724
1228.13
930.017
128.857
910.05
2059.13
3.50417
115.745
284.396
2033.58
817.713
1733.28
608.165
128.857
120.091
286.719
2008.36
359.2
532.914
409.752
2087.6
353.594
783.988
1995.01
1044.95
1017.34
121.294
381.815
412.034
1112.24
0
546.643
2161.71
526.063
1120.59
301.018
506.531
403.721
303.671
303.671
0
2023.52
2023.52
1733.28
409.752
2062.72
2452.48
2265.25
1504.96
2179.38
550.971
1184.83
1408.53
2176.62
2382.72
2482.59
2224.59
0
2210.66
2326.5
2415.88
1023.85
2523.09
2005.55
1512.93
959.695
2020.34
1907.79
2004.07
1054.87
2453.73
1220.8
2420.76
2005.55
2137.39
1810.14
980.695
1759.64
2462.92
2336.95
252.225
2371.56
1347.65
574.294
1669.92
1672.3
1902.26
2389.45
1616.67
1807.89
2023.52
2485.17
704.639
2484.45
1891.34
2322.19
2452.48
2109.32
2224.59
2224.59
2023.52
0
0
1220.8
2336.95
965.581
2452.48
2265.25
1504.96
2179.38
550.971
1184.83
1408.53
2176.62
2382.72
2482.59
2224.59
0
2210.66
2326.5
2415.88
1023.85
2523.09
2005.55
1512.93
959.695
2020.34
1907.79
2004.07
1054.87
2453.73
1220.8
2420.76
2005.55
2137.39
1810.14
980.695
1759.64
2462.92
2336.95
252.225
2371.56
1347.65
574.294
1669.92
1672.3
1902.26
2389.45
1616.67
1807.89
2023.52
2485.17
704.639
2484.45
1891.34
2322.19
2452.48
2109.32
2224.59
2224.59
2023.52
0
0
1220.8
2336.95
965.581
2239.32
2055.63
1030.33
1542.02
928.211
315.844
936.353
1537.94
2081.77
2275.9
1759.98
1220.8
1623.92
1973.98
2138.67
613.476
1723.89
1639.8
836.587
451.607
1729.87
1645.15
1541.25
368.903
1703.38
0
1799.36
1639.8
1800.93
1446.62
391.245
1374.18
2266.19
1835.61
1045.87
2053.47
987.459
707.239
806.447
827.391
1641.62
2095.26
1390.94
867.924
1733.28
2279.57
731.199
2256.8
936.827
1954.15
2239.32
1561.68
1759.98
1759.98
1733.28
1220.8
1220.8
0
1835.61
451.126
585.249
511.997
877.677
333.827
1789.91
1549.05
985.823
337.891
387.912
614.657
117.005
2336.95
230.855
270.798
448.076
1433.75
577.964
354.82
1006.34
2218.84
411.067
501.376
335.284
2174.07
470.121
1835.61
221.999
354.82
304.384
528.85
2162.7
577.443
621.287
0
2367.57
351.333
1010.64
2223.18
1053.06
1027.68
506.511
403.525
739.774
1062.87
409.752
618.199
2371.55
577.67
1039.8
241.162
585.249
273.934
117.005
117.005
409.752
2336.95
2336.95
1835.61
0
2221.42
2566.26
2375.79
1367.08
1948.81
897.117
676.13
1262.04
1944.88
2426.75
2602.19
2135.04
965.581
2022.42
2328.62
2479.3
842.655
2161.86
1985.4
1216.36
6.27628
2059.22
1962.76
1907.69
103.912
2134.15
451.126
2209.43
1985.4
2145.48
1781.85
61.3566
1711.25
2589.57
2221.42
737.261
2401.93
1281.52
391.29
1232.72
1250.69
1958.48
2438.93
1681.86
1310.13
2062.72
2605.68
317.949
2588.05
1382.31
2312.03
2566.26
1949.44
2135.04
2135.04
2062.72
965.581
965.581
451.126
2221.42
0
